MEMORY
  total           13915 KB
  struct            159 KB
  buffer            443 KB
  arena           13312 KB, used 0.2%

SIZES
  narena                13631488
  nbuffer               454080
  nplugin               0
  maxuse_stack          3500
  maxuse_arena          30160
  maxuse_con            1
  maxuse_efc            4
  ncon                  1
  ne                    0
  nf                    0
  nl                    0
  nefc                  4
  nJ                    24
  nA                    0
  nisland               1
  nidof                 6
  ntree_awake           1
  nbody_awake           20
  nparent_awake         19
  nv_awake              6
  threadpool            0

TIMER
    0:  duration =  0.15       number = 5
    1:  duration =  0.15       number = 5
    2:  duration =  0          number = 0
    3:  duration =  0.13       number = 5
    4:  duration =  0.0059     number = 5
    5:  duration =  0.0006     number = 5
    6:  duration =  0.0048     number = 5
    7:  duration =  0.0014     number = 5
    8:  duration =  0.0064     number = 5
    9:  duration =  0.0018     number = 5
    10:  duration =  0.12       number = 5
    11:  duration =  0.0054     number = 5
    12:  duration =  0          number = 5
    13:  duration =  0.0091     number = 5
    14:  duration =  0.057      number = 5

SOLVER STAT
  solver_fwdinv =   0         0       
  ISLAND 0
    solver_niter = 1
    solver_nnz = 36
      0:  improvement =  2.6         gradient =  4.3e-13     lineslope =  0       
          nactive = 4   nchange = 0   neval = 2   nupdate = 0

ENERGY =   0         0       

TIME =  0.37    

QPOS
   0.049   
   0.24    
   0.32    
   0.002   
   0.045   
   0.0043  

QVEL
   0.063   
   0.55    
   0.74    
  -0.0091  
   0.16    
   0.025   

QACC_WARMSTART
  -2       
  -3.3     
  -5.2     
  -3.2     
  -13      
  -5.7e+02 

CTRL
   0.082   
   0.29    
   0.39    
   0.0019  
   0.06    
   0.0068  

QFRC_APPLIED
   0       
   0       
   0       
   0       
   0       
   0       

XFRC_APPLIED
   0         0         0         0         0         0       
   0         0         0         0         0         0       
   0         0         0         0         0         0       
   0         0         0         0         0         0       
   0         0         0         0         0         0       
   0         0         0         0         0         0       
   0         0         0         0         0         0       
   0         0         0         0         0         0       
   0         0         0         0         0         0       
   0         0         0         0         0         0       
   0         0         0         0         0         0       
   0         0         0         0         0         0       
   0         0         0         0         0         0       
   0         0         0         0         0         0       
   0         0         0         0         0         0       
   0         0         0         0         0         0       
   0         0         0         0         0         0       
   0         0         0         0         0         0       
   0         0         0         0         0         0       
   0         0         0         0         0         0       

QACC
  -2       
  -3.3     
  -5.2     
  -3.2     
  -13      
  -5.7e+02 

TREE_ASLEEP
  -11

XPOS
   0         0         0       
   0         0         0       
   0.19     -0.1       0.43    
   0.33     -0.066     1       
   0.68      0.034     1       
   0.98      0.096     0.83    
   1.1       0.052     0.78    
   0.8       0         0.5     
   0.8       0         0.6     
   0.8       0         0.7     
   0.8       0         0.8     
   0.8       0         0.4     
   0.8       0         0.3     
   0.8       0         0.2     
   0.8       0.1       0.5     
   0.8       0.2       0.5     
   0.8       0.3       0.5     
   0.8      -0.1       0.5     
   0.8      -0.2       0.5     
   0.8      -0.3       0.5     

XQUAT
   1         0         0         0       
   1         0         0         0.025   
   0.99     -0.003     0.12      0.024   
   0.96     -0.0068    0.28      0.024   
   0.96     -0.0059    0.28      0.023   
   0.95     -0.0064    0.3       0.023   
   0.95     -0.0043    0.3       0.022   
   1         0         0         0       
   1         0         0         0       
   1         0         0         0       
   1         0         0         0       
   1         0         0         0       
   1         0         0         0       
   1         0         0         0       
   1         0         0         0       
   1         0         0         0       
   1         0         0         0       
   1         0         0         0       
   1         0         0         0       
   1         0         0         0       

XMAT
   1         0         0         0         1         0         0         0         1       
   1        -0.049     0         0.049     1         0         0         0         1       
   0.97     -0.049     0.24      0.048     1         0.012    -0.24      8.7e-19   0.97    
   0.84     -0.049     0.54      0.041     1         0.026    -0.54      0         0.84    
   0.84     -0.048     0.54      0.041     1         0.024    -0.54      0.0017    0.84    
   0.82     -0.048     0.57      0.04      1         0.026    -0.57      0.0017    0.82    
   0.82     -0.046     0.57      0.04      1         0.022    -0.57      0.0052    0.82    
   1         0         0         0         1         0         0         0         1       
   1         0         0         0         1         0         0         0         1       
   1         0         0         0         1         0         0         0         1       
   1         0         0         0         1         0         0         0         1       
   1         0         0         0         1         0         0         0         1       
   1         0         0         0         1         0         0         0         1       
   1         0         0         0         1         0         0         0         1       
   1         0         0         0         1         0         0         0         1       
   1         0         0         0         1         0         0         0         1       
   1         0         0         0         1         0         0         0         1       
   1         0         0         0         1         0         0         0         1       
   1         0         0         0         1         0         0         0         1       
   1         0         0         0         1         0         0         0         1       

XIPOS
   0         0         0       
   0.092     0.0067    0.36    
   0.23     -0.13      0.7     
   0.52      0.012     1.1     
   0.85      0.041     0.97    
   1         0.039     0.81    
   1.1       0.052     0.79    
   0.8       0         0.5     
   0.8       0         0.6     
   0.8       0         0.7     
   0.8       0         0.8     
   0.8       0         0.4     
   0.8       0         0.3     
   0.8       0         0.2     
   0.8       0.1       0.5     
   0.8       0.2       0.5     
   0.8       0.3       0.5     
   0.8      -0.1       0.5     
   0.8      -0.2       0.5     
   0.8      -0.3       0.5     

XIMAT
   1         0         0         0         1         0         0         0         1       
  -0.58     -0.21      0.79      0.19     -0.97     -0.11      0.79      0.086     0.61    
  -0.22     -0.95      0.22      0.98     -0.21      0.042     0.006     0.22      0.98    
   0.28     -0.029     0.96     -0.025     1         0.038    -0.96     -0.035     0.28    
   0.64      0.039     0.77     -0.013    -1         0.062     0.77     -0.05     -0.64    
  -0.54      0.57      0.62      0.77      0.027     0.64      0.35      0.82     -0.45    
   0.82      0.57      0.04      0.039     0.014    -1        -0.57      0.82     -0.011   
   1         0         0         0         1         0         0         0         1       
   1         0         0         0         1         0         0         0         1       
   1         0         0         0         1         0         0         0         1       
   1         0         0         0         1         0         0         0         1       
   1         0         0         0         1         0         0         0         1       
   1         0         0         0         1         0         0         0         1       
   1         0         0         0         1         0         0         0         1       
   1         0         0         0         1         0         0         0         1       
   1         0         0         0         1         0         0         0         1       
   1         0         0         0         1         0         0         0         1       
   1         0         0         0         1         0         0         0         1       
   1         0         0         0         1         0         0         0         1       
   1         0         0         0         1         0         0         0         1       

XANCHOR
   0         0         0       
   0.19     -0.1       0.43    
   0.33     -0.066     1       
   0.68      0.034     1       
   0.98      0.096     0.83    
   1.1       0.052     0.78    

XAXIS
   0         0         1       
  -0.049     1         0       
  -0.049     1         8.7e-19 
   0.84      0.041    -0.54    
  -0.048     1         0.0017  
   0.82      0.04     -0.57    

GEOM_XPOS
   0         0         0       
  -0.028    -2.5e-05   0.099   
   0.083     0.0051    0.36    
   0.24     -0.13      0.71    
   0.5       0.011     1.1     
   0.86      0.042     0.95    
   1         0.041     0.82    
   1.1       0.052     0.78    
   0.8       0         0.5     
   0.8       0         0.6     
   0.8       0         0.7     
   0.8       0         0.8     
   0.8       0         0.4     
   0.8       0         0.3     
   0.8       0         0.2     
   0.8       0.1       0.5     
   0.8       0.2       0.5     
   0.8       0.3       0.5     
   0.8      -0.1       0.5     
   0.8      -0.2       0.5     
   0.8      -0.3       0.5     

GEOM_XMAT
   1         0         0         0         1         0         0         0         1       
   0.012    -1        -9.5e-05  -1.9e-05   9.5e-05  -1         1         0.012    -1.8e-05 
  -0.57      0.14      0.81      0.023    -0.98      0.18      0.82      0.12      0.55    
  -0.22     -0.95      0.23      0.97     -0.22      0.058    -0.0046    0.24      0.97    
   0.28      0.15      0.95      0.12      0.98     -0.19     -0.95      0.17      0.25    
   0.6       0.049     0.8       0.036    -1         0.034     0.8       0.0087   -0.6     
   0.58      0.5       0.65      0.024    -0.8       0.59      0.82     -0.33     -0.48    
   0.82     -0.045     0.57      0.04      1         0.022    -0.57      0.005     0.82    
   1         0         0         0         1         0         0         0         1       
   1         0         0         0         1         0         0         0         1       
   1         0         0         0         1         0         0         0         1       
   1         0         0         0         1         0         0         0         1       
   1         0         0         0         1         0         0         0         1       
   1         0         0         0         1         0         0         0         1       
   1         0         0         0         1         0         0         0         1       
   1         0         0         0         1         0         0         0         1       
   1         0         0         0         1         0         0         0         1       
   1         0         0         0         1         0         0         0         1       
   1         0         0         0         1         0         0         0         1       
   1         0         0         0         1         0         0         0         1       
   1         0         0         0         1         0         0         0         1       

SITE_XPOS
   0.6       0.2       0.3     
   1.1       0.052     0.78    

SITE_XMAT
   1         0         0         0         1         0         0         0         1       
   0.82     -0.046     0.57      0.04      1         0.022    -0.57      0.0052    0.82    

LIGHT_XPOS
   0        -0.1       0.5     

LIGHT_XDIR
   0         0.2      -0.98    

SUBTREE_COM
   0.35      0.01      0.57    
   0.33      0.011     0.58    
   0.73      0.017     0.94    
   0.79      0.034     0.97    
   0.86      0.041     0.95    
   1         0.039     0.81    
   1.1       0.052     0.79    
   0.8       0         0.5     
   0.8       0         0.6     
   0.8       0         0.7     
   0.8       0         0.8     
   0.8       0         0.4     
   0.8       0         0.3     
   0.8       0         0.2     
   0.8       0.1       0.5     
   0.8       0.2       0.5     
   0.8       0.3       0.5     
   0.8      -0.1       0.5     
   0.8      -0.2       0.5     
   0.8      -0.3       0.5     

CDOF
   0         0         1        -0.011     0.33      0       
  -0.049     1         0         0.15      0.0072   -0.15    
  -0.049     1         8.7e-19  -0.43     -0.021    -0.0026  
   0.84      0.041    -0.54     -0.031     0.56     -0.0048  
  -0.048     1         0.0017   -0.26     -0.013     0.65    
   0.82      0.04     -0.57     -0.032     0.58     -0.0046  

CINERT
   0         0         0         0         0         0         0         0         0         0       
   5.5       11        6.5      -0.0009   -5.5      -0.0015   -22       -0.36     -21        93      
   0.4       0.35      0.21     -0.089     0.03      0.091    -0.59     -0.83      0.68      5.7     
   2.6       3.1       0.52     -0.0062   -1        -0.0079    2         0.015     5.3       11      
   5.6       15        9.7      -0.57     -6.8      -0.4       18        1.1       14        35      
   0.24      2.1       1.9      -0.078    -0.65     -0.026     2.7       0.11      0.95      4       
   0.0094    0.11      0.11     -0.006    -0.031    -0.0018    0.15      0.0084    0.043     0.2     
   0.00052   0.00052   0.00052   0         0         0         0         0         0         0.52    
   0.00052   0.00052   0.00052   0         0         0         0         0         0         0.52    
   0.00052   0.00052   0.00052   0         0         0         0         0         0         0.52    
   0.00052   0.00052   0.00052   0         0         0         0         0         0         0.52    
   0.00052   0.00052   0.00052   0         0         0         0         0         0         0.52    
   0.00052   0.00052   0.00052   0         0         0         0         0         0         0.52    
   0.00052   0.00052   0.00052   0         0         0         0         0         0         0.52    
   0.00052   0.00052   0.00052   0         0         0         0         0         0         0.52    
   0.00052   0.00052   0.00052   0         0         0         0         0         0         0.52    
   0.00052   0.00052   0.00052   0         0         0         0         0         0         0.52    
   0.00052   0.00052   0.00052   0         0         0         0         0         0         0.52    
   0.00052   0.00052   0.00052   0         0         0         0         0         0         0.52    
   0.00052   0.00052   0.00052   0         0         0         0         0         0         0.52    

ACTUATOR_LENGTH
   0.049   
   0.24    
   0.32    
   0.002   
   0.044   
   0.0043  

actuator_moment
--------
 x      |
  x     |
   x    |
    x   |
     x  |
      x |
--------

ACTUATOR_MOMENT
     0:  1       
     1:  1       
     2:  1       
     3:  1       
     4:  1       
     5:  1       

CRB
   0         0         0         0         0         0         0         0         0         0       
   14        32        19       -0.74     -14       -0.34     -7.1e-15   3.3e-16  -3.6e-15   1.5e+02 
   8.9       21        12       -0.74     -8.4      -0.34      22        0.36      21        56      
   8.5       20        12       -0.65     -8.5      -0.43      23        1.2       20        50      
   5.9       17        12       -0.65     -7.5      -0.43      21        1.2       15        39      
   0.25      2.2       2        -0.084    -0.68     -0.027     2.9       0.12      1         4.2     
   0.0094    0.11      0.11     -0.006    -0.031    -0.0018    0.15      0.0084    0.043     0.2     
   0.00052   0.00052   0.00052   0         0         0         0         0         0         0.52    
   0.00052   0.00052   0.00052   0         0         0         0         0         0         0.52    
   0.00052   0.00052   0.00052   0         0         0         0         0         0         0.52    
   0.00052   0.00052   0.00052   0         0         0         0         0         0         0.52    
   0.00052   0.00052   0.00052   0         0         0         0         0         0         0.52    
   0.00052   0.00052   0.00052   0         0         0         0         0         0         0.52    
   0.00052   0.00052   0.00052   0         0         0         0         0         0         0.52    
   0.00052   0.00052   0.00052   0         0         0         0         0         0         0.52    
   0.00052   0.00052   0.00052   0         0         0         0         0         0         0.52    
   0.00052   0.00052   0.00052   0         0         0         0         0         0         0.52    
   0.00052   0.00052   0.00052   0         0         0         0         0         0         0.52    
   0.00052   0.00052   0.00052   0         0         0         0         0         0         0.52    
   0.00052   0.00052   0.00052   0         0         0         0         0         0         0.52    

QM
   35      
   0.34      36      
   0.0031    15        13      
  -1.2       0.017     0.029     0.19    
   0.00049   0.076     0.11     -0.00031   0.014   
  -8.6e-05  -6.6e-06  -9.3e-06   0.00018  -1.1e-06   0.00018 

M
     0:  35      
     0:  0.34       1:  36      
     0:  0.0031     1:  15         2:  13      
     0: -1.2        1:  0.017      2:  0.029      3:  0.19    
     0:  0.00049    1:  0.076      2:  0.11       3: -0.00031    4:  0.014   
     0: -8.6e-05    1: -6.6e-06    2: -9.3e-06    3:  0.00018    4: -1.1e-06    5:  0.00018 

QLD
     0:  28      
     0:  0.012      1:  18      
     0:  0.016      1:  1.2        2:  12      
     0: -6.2        1:  0.097      2:  0.17       3:  0.19    
     0:  0.034      1:  5.3        2:  7.4        3: -0.022      4:  0.014   
     0: -0.47       1: -0.036      2: -0.051      3:  1          4: -0.0063     5:  0.00018 

QLDIAGINV
   0.036   
   0.055   
   0.084   
   5.4     
   70      
   5.5e+03 

M: inertia structure
--------
 x      |
 xx     |
 xxx    |
 xxxx   |
 xxxxx  |
 xxxxxx |
--------

iM: block-diagonal inertia (nnzs are island ids)
--------
 0      |
 00     |
 000    |
 0000   |
 00000  |
 000000 |
--------

QH
     0:  43      
     0:  0.0073     1:  46      
     0:  0.0027     1:  0.66       2:  23      
     0: -2          1:  0.028      2:  0.05       3:  0.59    
     0:  0.0012     1:  0.18       2:  0.26       3: -0.00075    4:  0.41    
     0: -0.00021    1: -1.6e-05    2: -2.3e-05    3:  0.00046    4: -2.8e-06    5:  0.4     

QHDIAGINV
   0.023   
   0.022   
   0.044   
   1.7     
   2.4     
   2.5     

TREE_AWAKE
  1

BODY_AWAKE
  -1 1 1 1 1 1 1 -1 -1 -1 -1 -1 -1 -1 -1 -1 -1 -1 -1 -1

BODY_AWAKE_IND
  0 1 2 3 4 5 6 7 8 9 10 11 12 13 14 15 16 17 18 19

PARENT_AWAKE_IND
  1 2 3 4 5 6 7 8 9 10 11 12 13 14 15 16 17 18 19

DOF_AWAKE_IND
  0 1 2 3 4 5

QDERIV
     0: -5e+03      1:  0          2:  0          3:  0          4:  0          5:  0       
     0:  0          1: -1e+04      2:  0          3:  0          4:  0          5:  0       
     0:  0          1:  0          2: -5e+03      3:  0          4:  0          5:  0       
     0:  0          1:  0          2:  0          3: -2e+02      4:  0          5:  0       
     0:  0          1:  0          2:  0          3:  0          4: -2e+02      5:  0       
     0:  0          1:  0          2:  0          3:  0          4:  0          5: -2e+02   

CONTACT
  0:
     dim           3
     geoms         1 : 2
     exclude       0
     efc_address   0
     solref         0.02      1       
     solimp         0.9       0.95      0.001     0.5       2       
     dist          -0.052   
     includemargin  0       
     pos            0.028    -0.062     0.22    
     frame         -9.1e-10  -8.6e-10   1        -7.8e-19   1         8.6e-10  -1         0        -9.1e-10 
     friction       1         1         0.005     0.0001    0.0001  
     mu             1       
     force          1.7e+07  -8.4e+03   1.9e+04   0         0         0       

EFC_TYPE
  6
  6
  6
  6

EFC_ID
  0
  0
  0
  0

EFC_J
   0.028     0         0         0         0         0       
  -0.028     0         0         0         0         0       
  -0.062     0         0         0         0         0       
   0.062     0         0         0         0         0       

IEFC_J
   0.028     0         0         0         0         0       
  -0.028     0         0         0         0         0       
  -0.062     0         0         0         0         0       
   0.062     0         0         0         0         0       

EFC_POS
  -0.052   
  -0.052   
  -0.052   
  -0.052   

EFC_MARGIN
   0       
   0       
   0       
   0       

EFC_FRICTIONLOSS
   0       
   0       
   0       
   0       

EFC_DIAGAPPROX
   0.00062 
   0.00062 
   0.00062 
   0.00062 

EFC_KBIP
   2.8e+03   1.1e+02   0.95      0       
   2.8e+03   1.1e+02   0.95      0       
   2.8e+03   1.1e+02   0.95      0       
   2.8e+03   1.1e+02   0.95      0       

EFC_D
   3.1e+04 
   3.1e+04 
   3.1e+04 
   3.1e+04 

EFC_R
   3.3e-05 
   3.3e-05 
   3.3e-05 
   3.3e-05 

ACTUATOR_VELOCITY
   0.066   
   0.56    
   0.74    
  -0.0085  
   0.17    
   0.026   

CVEL
   0         0         0         0         0         0       
   0         0         0.066    -0.0007    0.022     0       
  -0.027     0.56      0.066     0.081     0.026    -0.082   
  -0.064     1.3       0.066    -0.24      0.0099   -0.084   
  -0.071     1.3       0.07     -0.24      0.0051   -0.084   
  -0.079     1.5       0.07     -0.28      0.0029    0.025   
  -0.058     1.5       0.056    -0.29      0.018     0.024   
   0         0         0         0         0         0       
   0         0         0         0         0         0       
   0         0         0         0         0         0       
   0         0         0         0         0         0       
   0         0         0         0         0         0       
   0         0         0         0         0         0       
   0         0         0         0         0         0       
   0         0         0         0         0         0       
   0         0         0         0         0         0       
   0         0         0         0         0         0       
   0         0         0         0         0         0       
   0         0         0         0         0         0       
   0         0         0         0         0         0       

CDOF_DOT
   0         0         0         0         0         0       
  -0.065    -0.0032    0        -0.00047   0.0096    0.00037 
  -0.065    -0.0032    0         0.082    -0.025     0.33    
  -0.7       0.021    -1.1      -0.045    -0.2      -0.014   
  -0.068    -0.0032   -0.0086    0.93      0.033     0.091   
  -0.84      0.012    -1.2      -0.05     -0.15     -0.013   

QFRC_BIAS
   1.2     
  -3.2e+02 
  -2.2e+02 
  -0.57    
  -1.1     
   8.1e-05 

QFRC_SPRING
   0       
   0       
   0       
   0       
   0       
   0       

QFRC_DAMPER
   0       
   0       
   0       
   0       
   0       
   0       

QFRC_GRAVCOMP
   0       
  -3e+02   
  -2.3e+02 
  -0.55    
  -1.2     
   0.0001  

QFRC_FLUID
   0       
   0       
   0       
   0       
   0       
   0       

QFRC_PASSIVE
   0       
  -3e+02   
  -2.3e+02 
  -0.55    
  -1.2     
   0.0001  

EFC_VEL
   0.0018  
  -0.0018  
  -0.004   
   0.004   

EFC_AREF
   1.4e+02 
   1.4e+02 
   1.4e+02 
   1.4e+02 

SUBTREE_LINVEL
   0         0         0       
   0         0         0       
   0         0         0       
   0         0         0       
   0         0         0       
   0         0         0       
   0         0         0       
   0         0         0       
   0         0         0       
   0         0         0       
   0         0         0       
   0         0         0       
   0         0         0       
   0         0         0       
   0         0         0       
   0         0         0       
   0         0         0       
   0         0         0       
   0         0         0       
   0         0         0       

SUBTREE_ANGMOM
   0         0         0       
   0         0         0       
   0         0         0       
   0         0         0       
   0         0         0       
   0         0         0       
   0         0         0       
   0         0         0       
   0         0         0       
   0         0         0       
   0         0         0       
   0         0         0       
   0         0         0       
   0         0         0       
   0         0         0       
   0         0         0       
   0         0         0       
   0         0         0       
   0         0         0       
   0         0         0       

ACTUATOR_FORCE
   1.3e+03 
  -2.2e+02 
  -1.1e+02 
   1.4     
  -0.91    
  -0.1     

QFRC_ACTUATOR
   1.3e+03 
  -2.2e+02 
  -1.1e+02 
   1.4     
  -0.91    
  -0.1     

QFRC_SMOOTH
   1.3e+03 
  -2e+02   
  -1.2e+02 
   1.4     
  -0.99    
  -0.1     

QACC_SMOOTH
   47      
  -3.9     
  -5.3     
   3e+02   
  -4.7     
  -8.5e+02 

EFC_B
  -1.3e+02 
  -1.4e+02 
  -1.4e+02 
  -1.3e+02 

EFC_FORCE
   4.1e+06 
   4.2e+06 
   4.2e+06 
   4.1e+06 

EFC_STATE
  1
  1
  1
  1

QFRC_CONSTRAINT
  -1.4e+03 
   0       
   0       
   0       
   0       
   0       

QFRC_INVERSE
   0       
   0       
   0       
   0       
   0       
   0       

CACC
   0         0         0         0         0         0       
   0         0         0         0         0         0       
   0         0         0         0         0         0       
   0         0         0         0         0         0       
   0         0         0         0         0         0       
   0         0         0         0         0         0       
   0         0         0         0         0         0       
   0         0         0         0         0         0       
   0         0         0         0         0         0       
   0         0         0         0         0         0       
   0         0         0         0         0         0       
   0         0         0         0         0         0       
   0         0         0         0         0         0       
   0         0         0         0         0         0       
   0         0         0         0         0         0       
   0         0         0         0         0         0       
   0         0         0         0         0         0       
   0         0         0         0         0         0       
   0         0         0         0         0         0       
   0         0         0         0         0         0       

CFRC_INT
   0         0         0         0         0         0       
   0         0         0         0         0         0       
   0         0         0         0         0         0       
   0         0         0         0         0         0       
   0         0         0         0         0         0       
   0         0         0         0         0         0       
   0         0         0         0         0         0       
   0         0         0         0         0         0       
   0         0         0         0         0         0       
   0         0         0         0         0         0       
   0         0         0         0         0         0       
   0         0         0         0         0         0       
   0         0         0         0         0         0       
   0         0         0         0         0         0       
   0         0         0         0         0         0       
   0         0         0         0         0         0       
   0         0         0         0         0         0       
   0         0         0         0         0         0       
   0         0         0         0         0         0       
   0         0         0         0         0         0       

CFRC_EXT
   0         0         0         0         0         0       
   0         0         0         0         0         0       
   0         0         0         0         0         0       
   0         0         0         0         0         0       
   0         0         0         0         0         0       
   0         0         0         0         0         0       
   0         0         0         0         0         0       
   0         0         0         0         0         0       
   0         0         0         0         0         0       
   0         0         0         0         0         0       
   0         0         0         0         0         0       
   0         0         0         0         0         0       
   0         0         0         0         0         0       
   0         0         0         0         0         0       
   0         0         0         0         0         0       
   0         0         0         0         0         0       
   0         0         0         0         0         0       
   0         0         0         0         0         0       
   0         0         0         0         0         0       
   0         0         0         0         0         0       

TREE_ISLAND
  0

ISLAND_NTREE
  1

ISLAND_ITREEADR
  0

MAP_ITREE2TREE
  0

DOF_ISLAND            0 0 0 0 0 0

ISLAND_NV             6

ISLAND_IDOFADR        0

MAP_IDOF2DOF          0 1 2 3 4 5

EFC_ISLAND            0 0 0 0

ISLAND_NEFC           4

ISLAND_IEFCADR        0

MAP_IEFC2EFC          0 1 2 3

